1 10
2 15.0
3 14.166666666666668
4 14.142156862745098
Slope Iteration method cost time: 0.49495697021484375 ms

1 105.0
2 57.5
3 33.75
4 21.875
5 15.9375
6 12.96875
7 14.453125
8 13.7109375
9 14.08203125
10 14.267578125
11 14.1748046875
12 14.12841796875
13 14.151611328125
14 14.1400146484375
15 14.14581298828125
16 14.142913818359375
17 14.141464233398438
18 14.142189025878906
19 14.141826629638672
20 14.142007827758789
21 14.142098426818848
22 14.142143726348877
23 14.142121076583862
24 14.14213240146637
25 14.142138063907623
26 14.142135232686996
27 14.14213664829731
28 14.142135940492153
29 14.142135586589575
30 14.142135763540864
31 14.14213567506522
32 14.142135630827397
Interval Shrink method cost time: 5.006313323974609 ms

[2, 0, 0, 0, 0, 0, 0, 0, 0, 0, 0, 0, 0, 0, 0, 0, 0, 0]
1
4
14
1
141
4
1414
2
14142
1
141421
3
1414213
5
14142135
6
141421356
2
1414213562
3
14142135623
7
141421356237
3
1414213562373
0
14142135623730
9
141421356237309
5
1414213562373095
0
14142135623730950
14.14213562373095
Binomial Division method cost time: 4.986047744750977 ms
